3,2
3,1
3,3
10,4
10,118
10,112
10,70
10,216
10,218
10,88
10,90
10,2
10,3
9,7
9,6
9,1
9,4
8,12
8,17
8,5
8,16
8,2
8,3
54,3
54,2
54,1
54,0
53,4
53,3
53,2
53,1
53,0
20,3
20,2
20,1
19,3
19,2
19,1
18,3
18,1
14,3
14,1
13,3
13,1
12,3
12,2
12,1
11,30
11,29
11,28
11,27
11,26
11,25
11,24
11,23
11,22
11,21
11,20
11,19
11,18
11,17
11,16
11,15
11,14
11,13
11,12
11,11
11,10
11,9
11,8
11,7
11,6
11,5
11,4
11,3
11,2
11,1
10,311
10,300
10,293
10,291
10,290
10,289
10,287
10,275
10,269
10,266
10,263
10,262
10,256
10,246
10,245
10,244
10,243
10,236
10,230
10,227
10,226
10,221
10,214
10,210
10,208
10,206
10,204
10,203
10,197
10,190
10,186
10,185
10,183
10,181
10,177
10,174
10,159
10,153
10,146
10,137
10,122
10,121
